# Blender v2.74 (sub 0) OBJ File: 'environment.blend'
# www.blender.org
o Cube.004_Cube.005
v -6.803292 0.926182 0.132853
v -6.803292 0.935367 -0.096443
v -6.803292 0.017307 0.096443
v -6.803292 0.026492 -0.132853
v 4.944777 0.926182 0.132853
v 4.944777 0.935367 -0.096443
v 4.944777 0.017307 0.096443
v 4.944777 0.026492 -0.132853
vn -1.000000 0.000000 0.000000
vn 0.000000 -0.999200 -0.040000
vn 1.000000 0.000000 0.000000
vn 0.000000 0.999200 0.040000
vn 0.000000 -0.040000 0.999200
vn 0.000000 0.040000 -0.999200
s off
f 2//1 4//1 3//1
f 8//2 7//2 3//2
f 6//3 5//3 7//3
f 2//4 1//4 5//4
f 3//5 7//5 5//5
f 8//6 4//6 2//6
f 1//1 2//1 3//1
f 4//2 8//2 3//2
f 8//3 6//3 7//3
f 6//4 2//4 5//4
f 1//5 3//5 5//5
f 6//6 8//6 2//6
o Cube.001_Cube.002
v -8.092651 -0.020167 7.900497
v -8.092651 -0.016433 7.717441
v -8.092651 1.175097 7.924882
v -8.092651 1.178831 7.741825
v 8.112349 -0.020167 7.900497
v 8.112349 -0.016433 7.717441
v 8.112349 1.175097 7.924882
v 8.112349 1.178831 7.741825
vn 1.000000 0.000000 0.000000
vn 0.000000 -0.999800 -0.020400
vn -1.000000 -0.000000 0.000000
vn 0.000000 0.999800 0.020400
vn 0.000000 0.020400 -0.999800
vn 0.000000 -0.020400 0.999800
s off
f 12//7 11//7 9//7
f 16//8 15//8 11//8
f 14//9 13//9 15//9
f 10//10 9//10 13//10
f 11//11 15//11 13//11
f 16//12 12//12 10//12
f 10//7 12//7 9//7
f 12//8 16//8 11//8
f 16//9 14//9 15//9
f 14//10 10//10 13//10
f 9//11 11//11 13//11
f 14//12 16//12 10//12
o Cube_Cube.001
v -8.175458 0.008310 7.792521
v -8.175458 1.201692 7.792521
v -8.175458 0.008310 -7.648400
v -8.175458 1.201692 -7.648400
v -7.932176 0.008310 7.792521
v -7.932176 1.201692 7.792521
v -7.932176 0.008310 -7.648400
v -7.932176 1.201692 -7.648400
vn -1.000000 0.000000 0.000000
vn 0.000000 0.000000 -1.000000
vn 1.000000 0.000000 0.000000
vn 0.000000 0.000000 1.000000
vn 0.000000 -1.000000 0.000000
vn 0.000000 1.000000 0.000000
s off
f 20//13 19//13 17//13
f 24//14 23//14 19//14
f 22//15 21//15 23//15
f 18//16 17//16 21//16
f 19//17 23//17 21//17
f 24//18 20//18 18//18
f 18//13 20//13 17//13
f 20//14 24//14 19//14
f 24//15 22//15 23//15
f 22//16 18//16 21//16
f 17//17 19//17 21//17
f 22//18 24//18 18//18
o Plane
v -8.008866 0.000000 8.003388
v 8.008866 0.000000 8.003388
v -8.008866 0.000000 -8.003388
v 8.008866 0.000000 -8.003388
vn 0.000000 1.000000 0.000000
s off
f 26//19 28//19 27//19
f 25//19 26//19 27//19
o Cube.002_Cube.003
v 7.888931 0.008310 7.792521
v 7.888931 1.201692 7.792521
v 7.888931 0.008310 -7.648400
v 7.888931 1.201692 -7.648400
v 8.132213 0.008310 7.792521
v 8.132213 1.201692 7.792521
v 8.132213 0.008310 -7.648400
v 8.132213 1.201692 -7.648400
vn -1.000000 0.000000 0.000000
vn 0.000000 0.000000 -1.000000
vn 1.000000 0.000000 0.000000
vn 0.000000 0.000000 1.000000
vn 0.000000 -1.000000 0.000000
vn 0.000000 1.000000 0.000000
s off
f 32//20 31//20 29//20
f 36//21 35//21 31//21
f 34//22 33//22 35//22
f 30//23 29//23 33//23
f 31//24 35//24 33//24
f 36//25 32//25 30//25
f 30//20 32//20 29//20
f 32//21 36//21 31//21
f 36//22 34//22 35//22
f 34//23 30//23 33//23
f 29//24 31//24 33//24
f 34//25 36//25 30//25
o Cube.003_Cube.004
v -8.092651 -0.020167 -7.631706
v -8.092651 -0.016433 -7.814763
v -8.092651 1.175097 -7.607321
v -8.092651 1.178831 -7.790378
v 8.112349 -0.020167 -7.631706
v 8.112349 -0.016433 -7.814763
v 8.112349 1.175097 -7.607321
v 8.112349 1.178831 -7.790378
vn 1.000000 0.000000 0.000000
vn 0.000000 -0.999800 -0.020400
vn -1.000000 -0.000000 0.000000
vn 0.000000 0.999800 0.020400
vn 0.000000 0.020400 -0.999800
vn 0.000000 -0.020400 0.999800
s off
f 40//26 39//26 37//26
f 44//27 43//27 39//27
f 42//28 41//28 43//28
f 38//29 37//29 41//29
f 39//30 43//30 41//30
f 44//31 40//31 38//31
f 38//26 40//26 37//26
f 40//27 44//27 39//27
f 44//28 42//28 43//28
f 42//29 38//29 41//29
f 37//30 39//30 41//30
f 42//31 44//31 38//31
o Cube.005_Cube.006
v -0.733984 0.926183 1.377997
v -0.963102 0.935365 1.371376
v -0.770378 0.017309 1.376945
v -0.999496 0.026491 1.370324
v -0.859020 0.926183 5.704196
v -1.088138 0.935365 5.697574
v -0.895414 0.017309 5.703144
v -1.124532 0.026491 5.696522
vn -0.028900 -0.000000 0.999600
vn 0.040000 0.999200 0.001200
vn 0.028900 0.000000 -0.999600
vn -0.040000 -0.999200 -0.001200
vn -0.998800 0.040000 -0.028900
vn 0.998800 -0.040000 0.028900
s off
f 48//32 47//32 45//32
f 52//33 51//33 47//33
f 50//34 49//34 51//34
f 50//35 46//35 45//35
f 47//36 51//36 49//36
f 52//37 48//37 46//37
f 46//32 48//32 45//32
f 48//33 52//33 47//33
f 52//34 50//34 51//34
f 49//35 50//35 45//35
f 45//36 47//36 49//36
f 50//37 52//37 46//37
o Cube.006_Cube.007
v 0.688545 0.926183 1.377997
v 0.459428 0.935365 1.371376
v 0.652151 0.017309 1.376945
v 0.423034 0.026491 1.370324
v 0.563509 0.926183 5.704196
v 0.334392 0.935365 5.697574
v 0.527115 0.017309 5.703144
v 0.297998 0.026491 5.696522
vn -0.028900 -0.000000 0.999600
vn 0.040000 0.999200 0.001200
vn 0.028900 0.000000 -0.999600
vn -0.040000 -0.999200 -0.001200
vn -0.998800 0.040000 -0.028900
vn 0.998800 -0.040000 0.028900
s off
f 56//38 55//38 53//38
f 60//39 59//39 55//39
f 60//40 58//40 57//40
f 54//41 53//41 57//41
f 55//42 59//42 57//42
f 60//43 56//43 54//43
f 54//38 56//38 53//38
f 56//39 60//39 55//39
f 59//40 60//40 57//40
f 58//41 54//41 57//41
f 53//42 55//42 57//42
f 58//43 60//43 54//43
o Cube.007_Cube.008
v 2.345213 0.926183 1.377997
v 2.116096 0.935365 1.371376
v 2.308819 0.017309 1.376945
v 2.079702 0.026491 1.370324
v 2.220177 0.926183 5.704196
v 1.991060 0.935365 5.697574
v 2.183783 0.017309 5.703144
v 1.954666 0.026491 5.696522
vn -0.028900 -0.000000 0.999600
vn 0.040000 0.999200 0.001200
vn 0.028900 0.000000 -0.999600
vn -0.040000 -0.999200 -0.001200
vn -0.998800 0.040000 -0.028900
vn 0.998800 -0.040000 0.028900
s off
f 64//44 63//44 61//44
f 64//45 68//45 67//45
f 66//46 65//46 67//46
f 66//47 62//47 61//47
f 63//48 67//48 65//48
f 68//49 64//49 62//49
f 62//44 64//44 61//44
f 63//45 64//45 67//45
f 68//46 66//46 67//46
f 65//47 66//47 61//47
f 61//48 63//48 65//48
f 66//49 68//49 62//49
o Cube.008_Cube.009
v -1.706122 0.926182 -1.263321
v -1.706122 0.935367 -1.492616
v -1.706122 0.017307 -1.299730
v -1.706122 0.026492 -1.529026
v -6.912862 0.926182 -1.263321
v -6.912862 0.935367 -1.492616
v -6.912862 0.017307 -1.299730
v -6.912862 0.026492 -1.529026
vn -1.000000 0.000000 0.000000
vn 0.000000 0.999200 0.040000
vn 1.000000 0.000000 0.000000
vn 0.000000 -0.999200 -0.040000
vn 0.000000 0.040000 -0.999200
vn 0.000000 -0.040000 0.999200
s off
f 72//50 71//50 69//50
f 76//51 75//51 71//51
f 74//52 73//52 75//52
f 70//53 69//53 73//53
f 71//54 75//54 73//54
f 76//55 72//55 70//55
f 70//50 72//50 69//50
f 72//51 76//51 71//51
f 76//52 74//52 75//52
f 74//53 70//53 73//53
f 69//54 71//54 73//54
f 74//55 76//55 70//55
o Cube.009_Cube.010
v 4.961877 0.926182 -1.263321
v 4.961877 0.935367 -1.492616
v 4.961877 0.017307 -1.299730
v 4.961877 0.026492 -1.529026
v -0.244863 0.926182 -1.263321
v -0.244863 0.935367 -1.492616
v -0.244863 0.017307 -1.299730
v -0.244863 0.026492 -1.529026
vn -1.000000 0.000000 0.000000
vn 0.000000 0.999200 0.040000
vn 1.000000 -0.000000 0.000000
vn 0.000000 -0.999200 -0.040000
vn 0.000000 0.040000 -0.999200
vn 0.000000 -0.040000 0.999200
s off
f 80//56 79//56 77//56
f 84//57 83//57 79//57
f 82//58 81//58 83//58
f 78//59 77//59 81//59
f 79//60 83//60 81//60
f 84//61 80//61 78//61
f 78//56 80//56 77//56
f 80//57 84//57 79//57
f 84//58 82//58 83//58
f 82//59 78//59 81//59
f 77//60 79//60 81//60
f 82//61 84//61 78//61
o Cube.010_Cube.011
v 4.094349 0.926183 -6.553993
v 3.865232 0.935365 -6.560615
v 4.057955 0.017309 -6.555045
v 3.828838 0.026491 -6.561666
v 3.969313 0.926183 -2.227794
v 3.740196 0.935365 -2.234416
v 3.932919 0.017309 -2.228846
v 3.703802 0.026491 -2.235468
vn -0.028900 -0.000000 0.999600
vn 0.040000 0.999200 0.001200
vn 0.028900 0.000000 -0.999600
vn -0.040000 -0.999200 -0.001200
vn -0.998800 0.040000 -0.028900
vn 0.998800 -0.040000 0.028900
s off
f 86//62 88//62 87//62
f 88//63 92//63 91//63
f 90//64 89//64 91//64
f 86//65 85//65 89//65
f 87//66 91//66 89//66
f 92//67 88//67 86//67
f 85//62 86//62 87//62
f 87//63 88//63 91//63
f 92//64 90//64 91//64
f 90//65 86//65 89//65
f 85//66 87//66 89//66
f 90//67 92//67 86//67
o Cube.011_Cube.012
v -0.034743 0.926183 -6.553993
v -0.263861 0.935365 -6.560615
v -0.071137 0.017309 -6.555045
v -0.300255 0.026491 -6.561666
v -0.159779 0.926183 -2.227794
v -0.388897 0.935365 -2.234416
v -0.196174 0.017309 -2.228846
v -0.425291 0.026491 -2.235468
vn -0.028900 -0.000000 0.999600
vn 0.040000 0.999200 0.001200
vn 0.028900 0.000000 -0.999600
vn -0.040000 -0.999200 -0.001200
vn -0.998800 0.040000 -0.028900
vn 0.998800 -0.040000 0.028900
s off
f 94//68 96//68 95//68
f 100//69 99//69 95//69
f 98//70 97//70 99//70
f 94//71 93//71 97//71
f 93//72 95//72 99//72
f 100//73 96//73 94//73
f 93//68 94//68 95//68
f 96//69 100//69 95//69
f 100//70 98//70 99//70
f 98//71 94//71 97//71
f 97//72 93//72 99//72
f 98//73 100//73 94//73
o Cube.012_Cube.013
v 2.836273 0.926183 -6.277449
v 2.630639 0.935365 -6.378708
v 2.803609 0.017309 -6.293533
v 2.597975 0.026491 -6.394793
v 0.924297 0.926183 -2.394669
v 0.718663 0.935365 -2.495928
v 0.891633 0.017309 -2.410753
v 0.686000 0.026491 -2.512012
vn -0.441800 -0.000000 0.897100
vn 0.035900 0.999200 0.017700
vn 0.441800 -0.000000 -0.897100
vn -0.035900 -0.999200 -0.017700
vn -0.896400 0.040000 -0.441400
vn 0.896400 -0.040000 0.441400
s off
f 104//74 103//74 101//74
f 108//75 107//75 103//75
f 106//76 105//76 107//76
f 102//77 101//77 105//77
f 103//78 107//78 105//78
f 108//79 104//79 102//79
f 102//74 104//74 101//74
f 104//75 108//75 103//75
f 108//76 106//76 107//76
f 106//77 102//77 105//77
f 101//78 103//78 105//78
f 106//79 108//79 102//79
o Cube.013_Cube.014
v -6.803292 0.926182 6.907959
v -6.803292 0.935367 6.678663
v -6.803292 0.017307 6.871550
v -6.803292 0.026492 6.642254
v 4.944777 0.926182 6.907959
v 4.944777 0.935367 6.678663
v 4.944777 0.017307 6.871550
v 4.944777 0.026492 6.642254
vn -1.000000 -0.000000 0.000000
vn 0.000000 -0.999200 -0.040000
vn 1.000000 0.000000 0.000000
vn 0.000000 0.999200 0.040000
vn 0.000000 -0.040000 0.999200
vn 0.000000 0.040000 -0.999200
s off
f 112//80 111//80 109//80
f 116//81 115//81 111//81
f 114//82 113//82 115//82
f 110//83 109//83 113//83
f 111//84 115//84 113//84
f 116//85 112//85 110//85
f 110//80 112//80 109//80
f 112//81 116//81 111//81
f 116//82 114//82 115//82
f 114//83 110//83 113//83
f 109//84 111//84 113//84
f 114//85 116//85 110//85
o Cube.014_Cube.015
v -6.319467 0.926183 1.377997
v -6.548584 0.935365 1.371376
v -6.355861 0.017309 1.376945
v -6.584978 0.026491 1.370324
v -6.444503 0.926183 5.704196
v -6.673620 0.935365 5.697574
v -6.480897 0.017309 5.703144
v -6.710014 0.026491 5.696522
vn -0.028900 -0.000000 0.999600
vn 0.040000 0.999200 0.001200
vn 0.028900 0.000000 -0.999600
vn -0.040000 -0.999200 -0.001200
vn -0.998800 0.040000 -0.028900
vn 0.998800 -0.040000 0.028900
s off
f 120//86 119//86 117//86
f 124//87 123//87 119//87
f 122//88 121//88 123//88
f 122//89 118//89 117//89
f 119//90 123//90 121//90
f 124//91 120//91 118//91
f 118//86 120//86 117//86
f 120//87 124//87 119//87
f 124//88 122//88 123//88
f 121//89 122//89 117//89
f 117//90 119//90 121//90
f 122//91 124//91 118//91
o Cube.015_Cube.016
v -1.756893 0.926183 3.662195
v -1.757840 0.935365 3.432985
v -1.757043 0.017309 3.625786
v -1.757991 0.026491 3.396576
v -5.566652 0.926183 3.677944
v -5.567600 0.935365 3.448733
v -5.566803 0.017309 3.641535
v -5.567750 0.026491 3.412324
vn -1.000000 -0.000000 0.004100
vn 0.000200 0.999200 0.040000
vn 1.000000 -0.000000 -0.004100
vn -0.000200 -0.999200 -0.040000
vn -0.004100 0.040000 -0.999200
vn 0.004100 -0.040000 0.999200
s off
f 128//92 127//92 125//92
f 132//93 131//93 127//93
f 130//94 129//94 131//94
f 130//95 126//95 125//95
f 125//96 127//96 131//96
f 132//97 128//97 126//97
f 126//92 128//92 125//92
f 128//93 132//93 127//93
f 132//94 130//94 131//94
f 129//95 130//95 125//95
f 129//96 125//96 131//96
f 130//97 132//97 126//97
o Cube.016_Cube.017
v -1.756893 0.926183 2.769136
v -1.757840 0.935365 2.539926
v -1.757043 0.017309 2.732727
v -1.757991 0.026491 2.503516
v -5.566652 0.926183 2.784885
v -5.567600 0.935365 2.555674
v -5.566803 0.017309 2.748476
v -5.567750 0.026491 2.519265
vn -1.000000 -0.000000 0.004100
vn 0.000200 0.999200 0.040000
vn 1.000000 -0.000000 -0.004100
vn -0.000200 -0.999200 -0.040000
vn -0.004100 0.040000 -0.999200
vn 0.004100 -0.040000 0.999200
s off
f 136//98 135//98 133//98
f 140//99 139//99 135//99
f 138//100 137//100 139//100
f 138//101 134//101 133//101
f 135//102 139//102 137//102
f 138//103 140//103 136//103
f 134//98 136//98 133//98
f 136//99 140//99 135//99
f 140//100 138//100 139//100
f 137//101 138//101 133//101
f 133//102 135//102 137//102
f 134//103 138//103 136//103
o Cube.017_Cube.018
v -1.756893 0.926183 4.755066
v -1.757840 0.935365 4.525856
v -1.757043 0.017309 4.718657
v -1.757991 0.026491 4.489447
v -5.566652 0.926183 4.770815
v -5.567600 0.935365 4.541604
v -5.566803 0.017309 4.734406
v -5.567750 0.026491 4.505195
vn -1.000000 -0.000000 0.004100
vn 0.000200 0.999200 0.040000
vn 1.000000 0.000000 -0.004100
vn -0.000200 -0.999200 -0.040000
vn -0.004100 0.040000 -0.999200
vn 0.004100 -0.040000 0.999200
s off
f 144//104 143//104 141//104
f 148//105 147//105 143//105
f 146//106 145//106 147//106
f 146//107 142//107 141//107
f 143//108 147//108 145//108
f 148//109 144//109 142//109
f 142//104 144//104 141//104
f 144//105 148//105 143//105
f 148//106 146//106 147//106
f 145//107 146//107 141//107
f 141//108 143//108 145//108
f 146//109 148//109 142//109
o Cube.018_Cube.019
v -1.756893 0.926183 1.737687
v -1.757840 0.935365 1.508476
v -1.757043 0.017309 1.701277
v -1.757991 0.026491 1.472067
v -5.566652 0.926183 1.753435
v -5.567600 0.935365 1.524224
v -5.566803 0.017309 1.717026
v -5.567750 0.026491 1.487815
vn -1.000000 -0.000000 0.004100
vn 0.000200 0.999200 0.040000
vn 1.000000 -0.000000 -0.004100
vn -0.000200 -0.999200 -0.040000
vn -0.004100 0.040000 -0.999200
vn 0.004100 -0.040000 0.999200
s off
f 152//110 151//110 149//110
f 156//111 155//111 151//111
f 154//112 153//112 155//112
f 150//113 149//113 153//113
f 151//114 155//114 153//114
f 154//115 156//115 152//115
f 150//110 152//110 149//110
f 152//111 156//111 151//111
f 156//112 154//112 155//112
f 154//113 150//113 153//113
f 149//114 151//114 153//114
f 150//115 154//115 152//115
o Cube.019_Cube.020
v 7.069494 0.926183 3.662195
v 7.068546 0.935365 3.432985
v 7.069343 0.017309 3.625786
v 7.068396 0.026491 3.396576
v 3.259734 0.926183 3.677944
v 3.258787 0.935365 3.448733
v 3.259583 0.017309 3.641535
v 3.258636 0.026491 3.412324
vn -1.000000 0.000000 0.004100
vn 0.000200 0.999200 0.040000
vn 1.000000 0.000000 -0.004100
vn -0.000200 -0.999200 -0.040000
vn -0.004100 0.040000 -0.999200
vn 0.004100 -0.040000 0.999200
s off
f 158//116 160//116 159//116
f 164//117 163//117 159//117
f 162//118 161//118 163//118
f 158//119 157//119 161//119
f 159//120 163//120 161//120
f 164//121 160//121 158//121
f 157//116 158//116 159//116
f 160//117 164//117 159//117
f 164//118 162//118 163//118
f 162//119 158//119 161//119
f 157//120 159//120 161//120
f 162//121 164//121 158//121
o Cube.020_Cube.021
v -1.706122 0.926182 -6.128929
v -1.706122 0.935367 -6.358224
v -1.706122 0.017307 -6.165338
v -1.706122 0.026492 -6.394634
v -6.912862 0.926182 -6.128929
v -6.912862 0.935367 -6.358224
v -6.912862 0.017307 -6.165338
v -6.912862 0.026492 -6.394634
vn -1.000000 0.000000 0.000000
vn 0.000000 0.999200 0.040000
vn 1.000000 0.000000 0.000000
vn 0.000000 -0.999200 -0.040000
vn 0.000000 0.040000 -0.999200
vn 0.000000 -0.040000 0.999200
s off
f 168//122 167//122 165//122
f 172//123 171//123 167//123
f 170//124 169//124 171//124
f 166//125 165//125 169//125
f 167//126 171//126 169//126
f 172//127 168//127 166//127
f 166//122 168//122 165//122
f 168//123 172//123 167//123
f 172//124 170//124 171//124
f 170//125 166//125 169//125
f 165//126 167//126 169//126
f 170//127 172//127 166//127
o Cube.021_Cube.022
v -2.060631 0.926182 -2.516508
v -1.954906 0.935367 -2.719975
v -2.043843 0.017307 -2.548816
v -1.938118 0.026492 -2.752283
v -6.680866 0.926182 -4.917253
v -6.575141 0.935367 -5.120720
v -6.664078 0.017307 -4.949561
v -6.558353 0.026492 -5.153028
vn -0.887400 -0.000000 -0.461100
vn -0.018500 0.999200 0.035500
vn 0.887400 0.000000 0.461100
vn 0.018500 -0.999200 -0.035500
vn 0.460700 0.040000 -0.886600
vn -0.460700 -0.040000 0.886600
s off
f 176//128 175//128 173//128
f 176//129 180//129 179//129
f 180//130 178//130 177//130
f 178//131 174//131 173//131
f 175//132 179//132 177//132
f 180//133 176//133 174//133
f 174//128 176//128 173//128
f 175//129 176//129 179//129
f 179//130 180//130 177//130
f 177//131 178//131 173//131
f 173//132 175//132 177//132
f 178//133 180//133 174//133
o Cube.022_Cube.023
v -6.367095 0.926582 -3.387957
v -6.272219 0.934825 -3.570547
v -6.350310 0.017849 -3.420260
v -6.255434 0.026092 -3.602850
v -3.932039 0.926582 -2.122665
v -3.837163 0.934825 -2.305254
v -3.915254 0.017849 -2.154968
v -3.820378 0.026092 -2.337558
vn -0.887400 -0.000000 -0.461100
vn 0.018500 -0.999200 -0.035500
vn 0.887400 0.000000 0.461100
vn -0.018500 0.999200 0.035500
vn -0.460700 -0.040000 0.886600
vn 0.460700 0.040000 -0.886600
s off
f 184//134 183//134 181//134
f 188//135 187//135 183//135
f 186//136 185//136 187//136
f 186//137 182//137 181//137
f 183//138 187//138 185//138
f 186//139 188//139 184//139
f 182//134 184//134 181//134
f 184//135 188//135 183//135
f 188//136 186//136 187//136
f 185//137 186//137 181//137
f 181//138 183//138 185//138
f 182//139 186//139 184//139
o Cube.023_Cube.024
v -4.819064 0.926582 -5.533694
v -4.724187 0.934825 -5.716284
v -4.802279 0.017849 -5.565998
v -4.707402 0.026092 -5.748587
v -2.384007 0.926582 -4.268402
v -2.289131 0.934825 -4.450991
v -2.367222 0.017849 -4.300705
v -2.272346 0.026092 -4.483294
vn -0.887400 0.000000 -0.461100
vn 0.018500 -0.999200 -0.035500
vn 0.887400 -0.000000 0.461100
vn -0.018500 0.999200 0.035500
vn -0.460700 -0.040000 0.886600
vn 0.460700 0.040000 -0.886600
s off
f 190//140 192//140 191//140
f 192//141 196//141 195//141
f 194//142 193//142 195//142
f 190//143 189//143 193//143
f 191//144 195//144 193//144
f 196//145 192//145 190//145
f 189//140 190//140 191//140
f 191//141 192//141 195//141
f 196//142 194//142 195//142
f 194//143 190//143 193//143
f 189//144 191//144 193//144
f 194//145 196//145 190//145
o Cube.024_Cube.025
v 6.094161 0.926183 5.295817
v 6.093213 0.935365 5.066607
v 6.094010 0.017309 5.259408
v 6.093063 0.026491 5.030199
v 4.235067 0.926183 5.303502
v 4.234119 0.935365 5.074293
v 4.234917 0.017309 5.267093
v 4.233969 0.026491 5.037883
vn -1.000000 0.000000 0.004100
vn 0.000200 0.999200 0.040000
vn 1.000000 0.000000 -0.004100
vn -0.000200 -0.999200 -0.040000
vn -0.004100 0.040000 -0.999200
vn 0.004100 -0.040000 0.999200
s off
f 200//146 199//146 197//146
f 204//147 203//147 199//147
f 204//148 202//148 201//148
f 198//149 197//149 201//149
f 199//150 203//150 201//150
f 204//151 200//151 198//151
f 198//146 200//146 197//146
f 200//147 204//147 199//147
f 203//148 204//148 201//148
f 202//149 198//149 201//149
f 197//150 199//150 201//150
f 202//151 204//151 198//151
o Cube.025_Cube.026
v 6.094161 0.926183 4.567668
v 6.093213 0.935365 4.338459
v 6.094010 0.017309 4.531259
v 6.093063 0.026491 4.302050
v 4.235067 0.926183 4.575353
v 4.234119 0.935365 4.346144
v 4.234917 0.017309 4.538944
v 4.233969 0.026491 4.309734
vn -1.000000 0.000000 0.004100
vn 0.000200 0.999200 0.040000
vn 1.000000 0.000000 -0.004100
vn -0.000200 -0.999200 -0.040000
vn -0.004100 0.040000 -0.999200
vn 0.004100 -0.040000 0.999200
s off
f 208//152 207//152 205//152
f 212//153 211//153 207//153
f 212//154 210//154 209//154
f 206//155 205//155 209//155
f 207//156 211//156 209//156
f 212//157 208//157 206//157
f 206//152 208//152 205//152
f 208//153 212//153 207//153
f 211//154 212//154 209//154
f 210//155 206//155 209//155
f 205//156 207//156 209//156
f 210//157 212//157 206//157
o Cube.026_Cube.027
v 6.094161 0.926183 6.166243
v 6.093213 0.935365 5.937034
v 6.094010 0.017309 6.129834
v 6.093063 0.026491 5.900625
v 4.235067 0.926183 6.173928
v 4.234119 0.935365 5.944719
v 4.234917 0.017309 6.137519
v 4.233969 0.026491 5.908309
vn -1.000000 -0.000000 0.004100
vn 0.000200 0.999200 0.040000
vn 1.000000 -0.000000 -0.004100
vn -0.000200 -0.999200 -0.040000
vn -0.004100 0.040000 -0.999200
vn 0.004100 -0.040000 0.999200
s off
f 214//158 216//158 215//158
f 220//159 219//159 215//159
f 218//160 217//160 219//160
f 214//161 213//161 217//161
f 215//162 219//162 217//162
f 220//163 216//163 214//163
f 213//158 214//158 215//158
f 216//159 220//159 215//159
f 220//160 218//160 219//160
f 218//161 214//161 217//161
f 213//162 215//162 217//162
f 218//163 220//163 214//163
